424151424
967262769
887323788
421454124
589424985
858282858
893707398
967262769
859181958
865565568
215272512
279747972
278848872
207090702
630333036
774747477
697505796
741111147
685727586
893707398
597606795
887323788
865565568
859181958
858282858
677545776
496808694
468666864
234333432
207090702
236131632
569464965
696606696
441414144
686626686
343313343
424151424
421454124
346010643
278848872
598505895
532232235
521353125
774747477
287929782
215272512
667565766
225252522
741111147
667565766
696606696
485929584
603090306
568565865
512272215
632131236
686626686
421454124
632131236
211676112
479545974
677545776
503191305
147111741
91988919
697505796
685727586
603090306
236131632
88922988
240717042
97922979
405090504
215272512
598505895
568565865
485929584
220757022
82988928
399606993
114474411
125353521
211676112
178949871
456888654
217070712
485929584
231636132
200797002
630333036
231636132
222555222
420555024
597606795
569464965
456888654
211676112
503191305
312474213
78933987
82988928
412373214
240717042
211676112
412373214
512272215
306090603
231636132
90999909
532232235
420555024
236131632
316070613
258888852
217070712
220757022
521353125
479545974
63999936
485929584
589424985
138030831
215272512
200797002
88922988
81999918
63999936
496808694
399606993
405090504
225252522
66966966
279747972
90999909
468666864
234333432
108090801
81999918
421454124
215272512
203494302
76955967
441414144
279747972
72999927
86944968
316070613
93966939
424151424
421454124
306090603
215272512
124454421
312474213
88922988
86944968
69933996
82988928
207090702
97922979
54999945
81999918
77944977
215272512
63999936
207090702
234333432
424151424
421454124
65977956
215272512
63999936
258888852
346010643
225252522
104494401
69933996
58955985
47977974
343313343
121757121
203494302
120858021
54999945
108090801
236131632
88922988
240717042
123555321
231636132
215272512
63999936
220757022
82988928
63999936
287929782
217070712
86944968
231636132
200797002
75966957
231636132
123555321
222555222
278848872
211676112
240717042
211676112
45999954
58955985
236131632
65977956
217070712
220757022
120858021
88922988
63999936
121757121
56977965
211676112
45999954
278848872
215272512
200797002
279747972
88922988
108090801
81999918
81999918
63999936
45999954
225252522
66966966
57966975
236131632
211676112
234333432
215272512
124454421
36999963
178949871
104494401
86944968
45999954
29977992
66966966
29977992
207090702
88922988
82988928
138030831
215272512
63999936
75966957
207090702
57966975
97922979
65977956
63999936
108090801
27999972
147111741
93966939
88922988
56977965
19988991
58955985
86944968
81999918
63999936
45999954
27999972
125353521
82988928
63999936
77944977
86944968
69933996
90999909
114474411
45999954
65977956
88922988
81999918
63999936
45999954
27999972
76955967
69933996
58955985
90999909
81999918
72999927
63999936
54999945
45999954
36999963
27999972
18999981
97922979
18999981
82988928
29977992
91988919
78933987
66966966
54999945
29977992
88922988
82988928
47977974
63999936
19988991
63999936
449626944
826030628
833161338
806080608
403040304
406383604
449626944
251919152
678202876
433464334
692464296
806080608
403040304
833161338
826030628
692464296
217707712
258555852
235262532
678202876
449626944
88877888
426333624
449626944
403040304
231969132
285636582
258555852
231969132
285636582
403040304
403040304
449626944
449626944
235262532
85200258
426333624
403040304
251919152
217707712
285636582
285636582
88877888
449626944
433464334
88877888
403040304
63255236
449626944
251919152
406383604
285636582
85200258
403040304
285636582
217707712
258555852
235262532
88877888
88877888
231969132
258555852
231969132
235262532
251919152
217707712
88877888
88877888
85200258
88877888
88877888
21999912
85200258
63255236
21999912
88877888
571555175
595343595
546141645
137010731
818929818
267939762
388868883
234151432
635575536
635575536
770323077
818929818
595343595
331292133
99766799
339666933
226444622
113222311
218737812
546141645
251858152
425212524
595343595
546141645
635575536
251858152
635575536
283353382
595343595
425212524
571555175
218737812
546141645
54122145
283353382
339666933
388868883
137010731
331292133
218737812
54122145
251858152
251858152
137010731
54122145
267939762
218737812
226444622
234151432
54122145
54122145
54122145
137010731
54122145
113222311
99766799
54122145
487595784
420555024
673202376
637505736
673949376
652565256
86311368
696777696
673202376
616121616
696777696
214535412
219141912
673202376
214535412
299050992
299050992
276222672
673949376
482242284
616121616
652565256
673202376
276222672
237363732
84722748
637505736
299797992
420555024
299797992
482242284
420555024
86311368
271616172
299050992
276222672
219888912
65199156
61200216
299050992
487595784
276222672
271616172
61200216
299797992
420555024
299797992
86311368
61200216
84722748
61200216
299050992
219888912
299050992
276222672
276222672
237363732
86311368
61200216
86311368
219141912
214535412
61200216
214535412
48633684
61200216
84722748
61200216
23522532
86311368
48633684
25111152
21933912
61200216
21933912
61200216
86311368
21933912
61200216
25111152
84722748
65199156
21933912
61200216
23522532
86311368
514929415
507707705
505757505
586515685
554323455
532676235
586515685
554323455
532676235
505757505
507707705
514929415
58588585
51955915
51299215
53444435
53444435
51299215
58588585
51955915
277363772
483020384
875949578
449959944
292353292
875949578
291707192
443101344
671252176
660999066
624161426
468030864
276717672
432848234
276717672
432848234
671252176
269545962
660999066
440666044
220333022
238090832
285181582
443101344
624161426
449959944
245262542
276717672
464949464
276717672
464949464
276717672
291707192
292353292
449959944
238090832
276717672
443101344
284535482
440666044
237444732
277363772
432848234
468030864
432848234
69911996
483020384
443101344
277363772
284535482
449959944
292353292
291707192
276717672
86400468
276717672
237444732
276717672
276717672
285181582
238090832
269545962
245262542
276717672
87111178
276717672
291707192
292353292
238090832
220333022
277363772
69911996
87111178
69911996
27422472
27422472
27422472
86400468
69911996
27422472
27422472
27422472
277646772
582141285
534030435
582141285
368989863
509989905
682292286
130646031
238343832
445070544
229535922
534030435
238343832
295262592
507606705
466757664
336111633
573333375
682292286
534030435
573333375
295262592
534030435
221989122
409838904
507606705
310949013
76777767
534030435
582141285
582141285
409838904
466757664
238343832
277646772
509989905
195111591
534030435
229535922
238343832
445070544
277646772
188686881
310949013
238343832
336111633
229535922
238343832
368989863
295262592
188686881
295262592
76777767
195111591
221989122
238343832
277646772
238343832
229535922
23855832
76777767
23855832
23855832
23855832
23855832
130646031
23855832
23855832
76777767
23855832
424151424
483676384
481717184
211282112
259909952
462363264
424151424
867656768
677191776
631515136
867656768
635929536
291252192
696545696
696545696
631515136
84066048
631515136
483676384
677191776
635929536
462363264
447919744
631515136
426606624
483676384
424151424
291252192
462363264
424151424
84066048
426606624
447919744
259909952
481717184
483676384
259909952
462363264
291252192
424151424
424151424
84066048
84066048
42033024
291252192
84066048
42033024
259909952
84066048
25599552
211282112
84066048
42033024
84066048
42033024
25599552
25599552
84066048
42033024
84066048
42033024
25599552
487595784
487595784
522232225
802797208
270535072
630272036
802797208
217060712
109020901
307242703
486505684
505464505
128959821
487595784
469737964
630272036
423121324
505464505
487595784
469737964
352878253
486505684
423121324
270535072
208131802
69722796
352878253
522232225
69722796
217060712
487595784
487595784
69722796
69722796
270535072
69722796
217060712
307242703
59900995
208131802
99188199
50199105
270535072
99188199
69722796
217060712
69722796
128959821
50199105
69722796
59900995
69722796
69722796
109020901
69722796
69722796
967262769
483676384
483676384
967262769
879222978
362040263
428252824
483676384
527161725
758575857
879222978
428252824
483676384
462828264
395636593
582585285
440101044
758575857
86944968
516292615
86944968
440101044
263131362
252262252
462828264
285858582
263131362
296727692
164222461
252262252
582585285
407404704
74988947
86944968
516292615
462828264
231414132
407404704
86944968
527161725
440101044
483676384
483676384
462828264
252262252
231414132
440101044
483676384
483676384
252262252
428252824
428252824
395636593
186949681
231414132
86944968
296727692
186949681
86944968
285858582
86944968
263131362
362040263
252262252
231414132
59888895
263131362
252262252
86944968
86944968
86944968
48911984
86944968
164222461
86944968
86944968
86944968
48911984
59888895
86944968
86944968
74988947
86944968
86944968
887323788
421454124
449626944
277646772
487595784
481717184
404717404
460979064
291444192
652141256
276090672
804939408
845353548
845353548
407656704
235676532
449626944
887323788
697050796
460979064
276090672
270212072
804939408
253969352
277646772
611727116
442686244
425949524
259353952
424393424
276090672
697050796
466363664
421454124
235676532
463424364
611727116
291444192
232737232
428888824
214444412
652141256
407656704
424393424
232737232
424393424
276090672
463424364
259353952
428888824
407656704
291444192
253969352
466363664
421454124
63599536
460979064
442686244
424393424
80488408
425949524
80488408
449626944
487595784
481717184
63599536
460979064
291444192
449626944
407656704
276090672
421454124
253969352
404717404
259353952
63599536
291444192
232737232
276090672
277646772
232737232
80488408
276090672
270212072
259353952
63599536
235676532
214444412
291444192
253969352
276090672
277646772
63599536
235676532
80488408
40244204
63599536
63599536
80488408
40244204
80488408
63599536
63599536
63599536
595343595
546141645
423474324
95400459
833989338
410515014
422191224
468303864
467020764
551797155
422191224
596626695
467020764
833989338
423474324
675747576
596626695
141282141
393555393
217313712
612303216
270888072
551797155
217313712
467020764
675747576
278191872
612303216
270888072
278191872
270888072
596626695
551797155
270888072
596626695
551797155
595343595
467020764
217313712
546141645
142565241
217313712
467020764
68377386
467020764
468303864
423474324
143848341
393555393
422191224
55533555
422191224
423474324
410515014
217313712
96811869
270888072
217313712
278191872
270888072
278191872
270888072
55533555
55533555
270888072
95400459
143848341
95400459
217313712
142565241
217313712
27099072
96811869
27099072
27099072
27099072
141282141
55533555
27099072
55533555
27099072
15666651
14255241
68377386
27099072
55533555
15666651
27099072
95400459
14255241
277363772
483676384
671383176
838181838
838181838
464232464
214989412
245757542
433464334
255898552
699848996
699848996
255898552
295969592
236454632
671383176
483676384
255898552
414020414
483676384
236454632
255898552
414020414
255898552
214989412
277363772
64544546
62700726
464232464
65466456
433464334
277363772
483676384
62700726
255898552
63622636
295969592
255898552
214989412
255898552
236454632
236454632
255898552
255898552
277363772
245757542
214989412
21388312
20466402
63622636
62700726
65466456
62700726
64544546
21388312
20466402
589424985
522232225
572595275
547676745
589818985
547676745
536323635
522626225
575727575
572989275
515252515
554656455
554656455
575727575
572989275
589818985
515252515
547676745
522626225
589424985
536323635
572595275
547676745
522232225
51022015
51022015
211676112
880121088
291252192
251464152
880121088
481595184
485383584
236797632
692656296
291252192
690393096
460262064
230131032
278848872
253727352
295040592
295040592
293515392
654393456
82500528
690393096
654393456
618393816
481595184
445595544
409595904
272797272
236797632
215464512
692656296
618393816
409595904
295040592
80011008
293515392
420474024
211676112
447858744
291252192
80011008
211676112
447858744
295040592
211676112
211676112
80822808
80011008
481595184
420474024
445595544
485383584
481595184
460262064
409595904
236797632
215464512
257515752
80011008
409595904
257515752
80011008
295040592
80011008
236797632
291252192
295040592
293515392
82500528
215464512
80822808
295040592
80011008
293515392
295040592
80011008
211676112
291252192
272797272
80011008
278848872
211676112
211676112
291252192
80011008
211676112
253727352
236797632
251464152
236797632
230131032
215464512
80011008
27633672
25144152
80011008
25955952
80011008
80011008
211676112
25955952
80822808
82500528
21788712
80011008
80011008
80011008
80011008
80822808
80011008
25955952
21788712
80011008
27633672
25955952
82500528
25144152
858282858
826030628
481717184
481717184
918999819
770494077
918999819
769343967
647464746
858282858
276010672
769343967
670575076
203868302
826030628
481717184
658444856
658444856
481717184
770494077
670575076
276010672
85055058
314767413
347707743
479878974
436646634
647464746
97133179
479878974
276010672
357999753
85055058
481717184
436646634
481717184
357999753
214848412
85055058
481717184
481717184
347707743
85055058
276010672
314767413
85055058
85055058
214848412
276010672
103949301
85055058
276010672
103949301
85055058
29022092
203868302
29022092
85055058
30611603
85055058
85055058
35477453
35477453
85055058
30611603
97133179
85055058
29022092
29022092
85055058
893707398
857353758
426808624
696363696
464242464
232121232
409171904
893707398
857353758
685949586
426808624
409171904
213404312
696363696
464242464
232121232
256484652
231090132
220676022
221707122
452797254
696363696
464242464
232121232
464242464
220676022
284535482
685949586
696363696
205101502
220676022
256484652
464242464
232121232
464242464
232121232
284535482
452797254
231090132
464242464
232121232
257515752
67922976
67922976
464242464
232121232
284535482
257515752
426808624
213404312
88511588
232121232
409171904
69111196
47388374
426808624
409171904
213404312
232121232
256484652
231090132
232121232
67922976
232121232
88511588
284535482
220676022
205101502
256484652
66788766
232121232
220676022
231090132
221707122
232121232
67922976
67922976
220676022
232121232
213404312
88511588
66788766
88511588
67922976
69111196
67922976
67922976
47388374
833161338
918999819
770494077
255444552
518080815
918999819
289808982
489777984
106949601
468666864
234333432
596050695
833161338
447555744
384888483
639666936
426444624
213222312
639666936
468666864
405333504
297666792
234333432
221080122
770494077
147111741
405333504
184919481
596050695
363777363
468666864
106949601
147111741
297666792
221080122
518080815
363777363
489777984
468666864
447555744
426444624
405333504
297666792
276555672
255444552
234333432
213222312
69666696
276555672
405333504
255444552
384888483
192777291
234333432
192777291
90633609
213222312
221080122
297666792
37800873
289808982
234333432
221080122
255444552
234333432
213222312
69666696
46444464
69666696
147111741
184919481
90633609
147111741
106949601
46444464
69666696
106949601
37800873
967262769
967262769
655111556
485090584
820727028
867777768
867777768
555626555
550242055
448808844
224404422
87211278
820727028
429737924
629686926
278787872
517484715
431686134
543888345
629686926
76433467
448808844
336606633
224404422
112202211
397343793
417020714
405282504
81200218
80133108
543888345
87211278
655111556
65655656
67300376
517484715
86144168
70911907
66722766
60711706
555626555
87211278
550242055
448808844
250808052
417020714
178323871
405282504
431686134
159252951
54877845
397343793
65166156
485090584
429737924
448808844
224404422
54877845
166585661
100464001
90822809
336606633
224404422
112202211
250808052
87211278
44188144
65655656
44188144
65166156
75366357
45744754
81200218
44188144
80133108
278787872
71000017
46811864
166585661
65655656
178323871
66722766
60711706
87211278
54877845
224404422
40800804
77500577
34477443
87211278
159252951
46811864
40800804
34477443
54388345
77500577
65166156
224404422
112202211
36122163
44188144
80133108
81200218
66722766
44188144
100464001
71000017
44188144
30600603
54388345
90822809
87211278
65655656
60711706
75366357
34966943
34966943
54877845
44188144
24766742
23699632
65166156
46811864
65655656
112202211
40800804
30600603
20400402
87211278
36122163
46811864
24766742
40800804
20400402
86144168
23699632
65166156
34477443
87211278
44188144
45744754
34477443
80133108
81200218
70911907
44188144
66722766
54877845
67300376
44188144
87211278
76433467
65655656
60711706
54877845
879222978
604919406
215848512
648909846
466787664
854929458
854929458
640010046
215848512
652181256
879222978
694313496
422797224
204606402
215848512
446161644
694313496
420939024
206464602
445232544
401242104
420939024
652181256
215848512
216777612
401242104
640010046
648909846
604919406
215848512
216777612
215848512
261252162
445232544
420939024
401242104
281878182
446161644
401242104
420939024
215848512
259838952
422797224
259838952
466787664
281878182
215848512
215848512
261252162
215848512
215848512
216777612
215848512
216777612
215848512
206464602
215848512
204606402
215848512
215848512
22688622
21666612
20644602
22688622
21666612
20644602
211282112
572595275
844151448
195969591
858151858
638242836
858151858
494383494
844151448
297101792
211282112
623949326
445191544
247616742
546030645
623949326
431191134
453525354
297101792
317494713
494383494
445191544
99055099
638242836
546030645
494383494
453525354
297101792
453525354
404333404
62955926
445191544
326121623
453525354
404333404
92499429
195969591
572595275
431191134
69511596
494383494
297101792
445191544
133070331
297101792
69511596
326121623
195969591
132777231
211282112
69511596
69511596
195969591
53788735
92499429
317494713
297101792
195969591
211282112
297101792
195969591
53788735
69511596
297101792
195969591
62955926
247616742
69511596
69511596
132777231
54111145
133070331
211282112
69511596
69511596
211282112
92499429
54111145
195969591
62955926
69511596
69511596
92499429
69511596
99055099
53788735
69511596
69511596
53788735
62955926
420777024
842969248
842969248
612919216
468444864
234222432
489545984
405141504
405141504
612919216
489545984
409191904
409191904
468444864
405141504
405141504
255323552
69633696
255323552
69633696
420777024
234222432
69633696
69633696
46422464
46422464
69633696
69633696
523757325
578101875
573636375
522747225
523484325
520454025
523484325
520454025
573636375
578101875
522747225
523757325
52777725
52177125
52777725
52477425
52477425
52777725
52177125
52777725
859181958
259909952
272747272
698848896
859181958
666565666
86911968
441666144
603606306
402404204
201202102
698848896
441666144
666565666
439313934
603606306
441666144
264161462
426101624
69255296
203929302
86911968
86911968
426101624
441666144
64166146
439313934
86911968
441666144
272747272
259909952
441666144
86911968
272747272
86911968
402404204
259909952
80055008
86911968
69255296
65933956
264161462
65933956
69255296
86911968
43188134
86911968
203929302
272747272
86911968
259909952
86911968
201202102
86911968
69255296
27299272
65933956
27299272
65933956
86911968
80055008
69255296
86911968
86911968
27299272
86911968
27299272
43188134
86911968
64166146
86911968
69255296
404717404
844151448
592474295
815535518
624434426
347838743
679262976
264747462
105606501
844151448
815535518
512727215
679262976
217313712
350242053
404717404
671868176
671868176
679262976
408414804
217313712
408414804
679262976
105606501
217313712
512727215
512727215
455848554
624434426
455848554
293363392
592474295
111999111
321626123
130525031
264747462
512727215
217313712
189050981
61777716
217313712
321626123
408414804
217313712
408414804
217313712
69911996
404717404
61777716
264747462
293363392
61777716
97322379
217313712
105606501
61777716
52177125
350242053
217313712
404717404
61777716
217313712
347838743
217313712
52177125
105606501
189050981
52177125
264747462
105606501
217313712
61777716
69911996
217313712
52177125
217313712
105606501
69911996
97322379
61777716
130525031
52177125
111999111
24766742
52177125
61777716
61777716
105606501
61777716
52177125
24766742
15166151
69911996
61777716
52177125
105606501
61777716
15166151
362040263
604919406
420777024
652838256
877121778
202999202
403959304
768232867
877121778
765999567
253151352
543949345
420777024
485212584
403959304
512848215
253151352
765999567
768232867
652838256
652838256
427282724
403959304
458383854
202999202
359505953
284252482
219515912
420777024
267434762
652838256
80833808
362040263
120939021
403959304
403959304
253151352
604919406
543949345
219515912
253151352
458383854
512848215
420777024
175363571
253151352
485212584
113161311
362040263
427282724
403959304
359505953
420777024
80833808
61266216
403959304
80833808
253151352
161080161
49922994
420777024
403959304
253151352
49922994
253151352
284252482
267434762
362040263
219515912
42766724
161080161
80833808
175363571
219515912
42766724
253151352
42766724
253151352
202999202
61266216
49922994
80833808
42766724
61266216
202999202
49922994
113161311
120939021
42766724
23199132
80833808
80833808
42766724
42766724
61266216
23199132
49922994
80833808
42766724
49922994
582141285
534030435
211676112
857353758
195969591
291444192
550484055
611404116
857353758
729252927
211676112
160727061
502373205
729252927
294060492
422383224
518545815
435939534
240717042
211676112
294060492
291444192
112616211
387606783
611404116
240717042
211676112
211676112
518545815
294060492
291444192
502373205
582141285
550484055
211676112
435939534
387606783
534030435
64955946
422383224
211676112
294060492
291444192
67833876
211676112
294060492
291444192
67833876
240717042
211676112
294060492
240717042
211676112
211676112
50044005
291444192
211676112
64955946
35888853
211676112
64955946
211676112
195969591
160727061
67833876
50044005
112616211
67833876
35888853
64955946
483020384
880121088
426808624
255444552
215848512
424969424
679808976
462363264
840888048
234666432
278303872
673565376
276585672
671000176
405909504
234666432
673202376
880121088
698868896
840888048
420444024
449909944
426808624
405909504
652424256
443545344
234666432
272181272
635929536
464686464
232343232
297121792
257404752
696545696
481181184
253121352
295040592
462363264
652424256
82711728
405909504
468969864
424727424
696545696
652424256
295040592
464686464
232343232
612828216
441585144
405909504
234666432
485585584
652424256
278787872
236989632
213525312
255444552
487424784
698868896
445989544
652424256
424727424
420444024
234666432
443545344
612828216
84444448
485343584
238949832
405909504
652424256
401626104
673202376
276222672
635929536
462363264
401505104
671000176
295040592
80011008
420202024
673565376
422888224
211444112
405909504
234666432
213525312
679808976
253000352
278545872
253000352
464323464
257404752
485222584
485222584
213525312
466767664
297121792
274141472
403949304
424848424
401505104
443545344
215848512
466767664
259727952
405909504
80011008
69499496
464323464
65211256
443545344
234666432
297000792
80011008
80277208
485343584
215848512
63744736
462363264
424848424
232464232
487424784
86322368
405909504
485585584
236989632
213525312
82711728
278303872
401505104
278666872
403949304
278545872
422888224
67500576
274383472
443545344
259727952
420202024
464686464
232343232
468969864
445989544
63333336
481181184
405909504
295040592
80011008
276222672
251161152
86322368
257404752
420444024
401505104
462363264
441585144
424727424
215727512
401626104
464686464
232343232
405909504
234666432
213525312
211565112
295040592
424727424
236626632
234666432
449909944
443545344
405909504
67766776
405909504
234666432
80011008
483020384
88877888
276222672
462363264
63599536
80011008
426808624
213404312
215848512
278545872
420444024
234666432
278666872
274383472
278303872
257404752
46800864
48533584
46244264
236626632
405909504
234666432
67500576
297000792
80688608
44777744
251161152
215848512
424969424
259727952
84444448
426808624
213404312
405909504
67500576
65622656
234666432
232343232
297121792
82711728
295040592
232343232
211565112
274141472
236989632
213525312
63744736
215727512
278545872
259727952
84444448
42222224
276222672
232464232
257404752
295040592
80011008
234666432
213525312
80688608
253000352
253000352
63599536
40199104
278787872
295040592
297121792
215848512
63333336
80011008
234666432
80422408
80011008
255444552
215848512
63744736
238949832
272181272
46800864
86322368
234666432
213525312
257404752
46800864
65622656
276585672
253121352
236989632
213525312
82711728
278303872
211444112
67500576
29711792
234666432
232343232
80011008
80011008
86322368
82711728
29977992
27277272
46655664
42633624
232343232
234666432
213525312
255444552
63599536
234666432
27011072
234666432
80011008
80422408
63599536
80011008
25955952
46800864
23400432
67500576
40199104
23255232
80688608
44777744
40344304
215848512
48122184
84444448
42222224
80011008
65622656
48122184
27011072
25955952
27422472
29711792
46800864
82711728
63744736
44777744
84444448
63333336
42222224
21111112
88877888
29566592
21788712
80688608
63599536
40344304
23255232
40199104
46655664
80011008
23255232
29566592
80011008
63744736
42633624
46800864
23400432
86322368
67500576
23255232
23255232
46800864
23400432
65622656
67500576
29711792
80011008
23255232
86322368
82711728
67766776
63599536
27422472
23255232
27011072
80277208
80011008
80011008
25955952
21788712
67500576
40199104
84444448
63333336
42222224
21111112
80011008
29977992
27011072
25955952
69499496
48533584
23255232
29711792
46800864
23400432
82711728
65211256
63744736
46244264
44777744
27277272
865565568
655111556
424969424
492282294
820484028
410242014
597494795
628818826
673929376
364838463
319727913
455323554
424969424
515454515
115878511
865565568
523606325
820484028
410242014
451262154
496343694
564626465
410242014
451262154
492282294
455323554
410242014
673929376
315666513
160989061
496343694
492282294
492282294
496343694
455323554
414303414
628818826
655111556
564626465
83755738
455323554
410242014
492282294
597494795
410242014
142171241
119939911
496343694
455323554
414303414
523606325
515454515
451262154
410242014
451262154
492282294
455323554
410242014
195404591
191343191
183191381
424969424
410242014
45122154
424969424
410242014
315666513
364838463
191343191
195404591
183191381
92722729
119939911
115878511
36155163
319727913
83755738
119939911
115878511
36155163
45122154
83755738
92722729
142171241
45122154
160989061
27188172
119939911
45122154
27188172
45122154
20699602
27188172
20699602
115878511
27188172
83755738
36155163
36155163
45122154
460979064
652838256
679808976
492282294
460979064
821494128
617878716
657909756
232373232
431656134
814070418
814070418
259343952
460979064
821494128
460979064
468030864
203050302
414828414
470383074
418595814
272404272
460979064
232373232
88599588
460979064
679808976
657909756
203050302
272404272
652838256
407404704
617878716
460979064
65944956
244868442
407404704
215545512
460979064
470383074
237444732
468030864
210474012
460979064
418595814
460979064
492282294
244868442
232373232
414828414
460979064
460979064
431656134
244868442
203050302
232373232
203050302
60366306
45999954
41855814
237444732
45999954
272404272
244868442
210474012
88599588
215545512
272404272
45999954
65944956
232373232
41855814
203050302
60366306
259343952
232373232
60366306
203050302
60366306
88599588
65944956
60366306
60366306
45999954
41855814
88599588
45999954
45999954
65944956
41855814
592474295
591181195
532949235
532949235
512464215
512464215
591181195
532949235
532949235
592474295
50177105
50177105
291444192
485090584
291444192
291444192
219606912
677242776
462070264
291444192
424898424
461323164
278545872
255525552
232505232
488777884
219606912
677242776
291444192
278545872
407565704
291444192
237686732
219606912
219606912
255525552
291444192
291444192
488777884
297131792
291444192
232505232
407565704
278545872
255525552
232505232
461323164
80611608
462070264
424898424
485090584
219606912
297131792
291444192
88511588
278545872
291444192
80611608
291444192
219606912
255525552
291444192
291444192
232505232
278545872
255525552
232505232
278545872
80611608
237686732
291444192
219606912
219606912
255525552
291444192
44388344
42744724
291444192
291444192
232505232
44388344
219606912
44388344
44388344
219606912
80611608
25322352
88511588
44388344
80611608
44388344
80611608
44388344
44388344
42744724
25322352
462363264
424151424
648909846
462363264
603090306
402060204
201030102
127565721
827848728
571757175
214868412
827848728
424151424
402060204
593848395
555636555
437989734
267303762
603090306
402060204
201030102
408030804
190151091
603090306
424151424
593848395
236959632
437989734
462363264
84066048
181898181
555636555
648909846
437989734
462363264
267303762
84066048
66333366
236959632
437989734
603090306
332515233
437989734
571757175
424151424
85866858
437989734
332515233
408030804
402060204
201030102
462363264
424151424
84066048
462363264
214868412
402060204
201030102
85866858
214868412
424151424
402060204
201030102
267303762
48600684
201030102
85866858
236959632
84066048
42033024
267303762
84066048
66333366
48600684
42033024
236959632
181898181
201030102
84066048
190151091
84066048
42033024
214868412
85866858
201030102
66333366
85866858
19988991
18188181
84066048
42033024
85866858
48600684
127565721
84066048
42033024
84066048
48600684
42033024
19988991
66333366
18188181
215272512
423474324
877121778
840888048
234666432
820484028
410242014
821494128
603090306
402060204
201030102
404080404
202040202
237696732
821494128
840888048
630666036
420444024
210222012
610262016
877121778
841898148
841898148
431656134
424484424
212242212
697505796
840888048
420444024
234666432
235676532
240828042
226484622
840888048
630666036
613292316
420444024
403070304
210222012
821494128
610262016
215272512
821494128
820484028
231636132
445898544
215272512
611272116
224464422
444888444
421454124
642888246
630666036
444888444
432666234
420444024
246888642
234666432
222444222
210222012
603090306
641878146
610262016
404080404
435696534
231636132
204060402
224464422
403070304
236686632
213252312
641878146
421454124
235676532
234666432
442868244
221434122
642888246
697505796
237696732
226484622
215272512
204060402
630666036
610262016
405090504
215272512
213252312
603090306
402060204
201030102
445898544
237696732
216282612
611272116
630666036
444888444
420444024
234666432
210222012
424484424
212242212
424484424
212242212
244868442
445898544
435696534
401050104
610262016
246888642
236686632
226484622
216282612
206080602
613292316
231636132
403070304
630666036
432666234
234666432
81999918
403070304
231636132
442868244
221434122
442868244
610262016
234666432
215272512
423474324
237696732
215272512
423474324
603090306
445898544
402060204
244868442
201030102
432666234
402060204
444888444
435696534
240828042
231636132
222444222
213252312
204060402
80888808
445898544
424484424
212242212
234666432
63999936
235676532
424484424
403070304
236686632
213252312
236686632
216282612
207090702
420444024
403070304
210222012
63999936
215272512
401050104
213252312
80888808
442868244
80888808
402060204
405090504
435696534
421454124
444888444
231636132
213252312
80888808
444888444
222444222
80888808
60666606
445898544
432666234
203050302
234666432
63999936
244868442
237696732
215272512
420444024
403070304
421454124
404080404
202040202
234666432
215272512
63999936
420444024
234666432
431656134
244868442
203050302
204060402
237696732
424484424
420444024
210222012
207090702
403070304
420444024
234666432
210222012
80888808
63999936
61777716
44888844
207090702
81999918
423474324
215272512
410242014
231636132
204060402
60666606
404080404
203050302
402060204
215272512
63999936
222444222
80888808
60666606
61777716
202040202
236686632
213252312
236686632
235676532
203050302
234666432
63999936
42666624
240828042
244868442
231636132
215272512
63999936
213252312
237696732
216282612
81999918
213252312
80888808
246888642
234666432
222444222
210222012
41555514
244868442
212242212
207090702
41555514
234666432
63999936
42666624
231636132
236686632
213252312
231636132
221434122
234666432
215272512
63999936
42666624
237696732
226484622
215272512
204060402
201030102
237696732
216282612
212242212
234666432
80888808
63999936
42666624
235676532
212242212
246888642
236686632
226484622
216282612
206080602
44888844
210222012
81999918
63999936
45999954
215272512
231636132
213252312
80888808
40444404
221434122
234666432
215272512
63999936
42666624
224464422
81999918
80888808
40444404
62888826
201030102
61777716
240828042
231636132
222444222
213252312
204060402
80888808
60666606
40444404
224464422
235676532
234666432
63999936
42666624
237696732
226484622
215272512
204060402
210222012
45999954
234666432
215272512
63999936
42666624
210222012
212242212
210222012
81999918
80888808
63999936
62888826
61777716
60666606
45999954
44888844
43777734
42666624
41555514
40444404
27999972
26888862
25777752
24666642
23555532
22444422
215272512
63999936
42666624
202040202
201030102
63999936
45999954
25777752
44888844
63999936
42666624
27999972
21333312
43777734
80888808
42666624
81999918
63999936
45999954
27999972
41555514
80888808
40444404
63999936
42666624
21333312
25777752
63999936
42666624
21333312
45999954
23555532
80888808
80888808
63999936
61777716
44888844
42666624
40444404
27999972
25777752
23555532
21333312
80888808
60666606
40444404
27999972
20222202
63999936
42666624
21333312
80888808
60666606
40444404
20222202
61777716
80888808
63999936
42666624
25777752
21333312
63999936
42666624
27999972
21333312
81999918
41555514
26888862
41555514
60666606
25777752
63999936
42666624
21333312
24666642
63999936
23555532
44888844
22444422
137010731
875949578
291252192
858151858
782222287
861717168
861717168
800636008
291252192
493525394
875949578
858151858
678000876
291252192
800636008
291252192
782222287
86766768
255464552
317161713
86766768
482464284
241232142
678000876
205444502
216505612
230171032
219676912
407717704
255464552
86766768
291252192
255464552
230171032
291252192
482464284
241232142
230171032
219676912
86766768
323898323
291252192
230171032
216505612
86766768
407717704
291252192
493525394
323898323
98933989
291252192
86766768
86766768
291252192
291252192
86766768
291252192
86766768
86766768
317161713
255464552
86766768
230171032
241232142
255464552
230171032
216505612
90688609
230171032
219676912
291252192
55022055
86766768
71111117
43911934
291252192
255464552
230171032
291252192
241232142
219676912
291252192
86766768
216505612
86766768
205444502
31744713
86766768
90688609
31744713
86766768
71111117
86766768
86766768
86766768
98933989
27822872
86766768
86766768
55022055
27822872
86766768
86766768
137010731
31744713
43911934
86766768
31744713
86766768
86766768
279747972
272747272
815535518
202999202
404080404
202040202
440484044
431383134
422282224
413181314
404080404
330363033
321262123
312161213
303060303
220242022
211141112
202040202
110121011
101020101
254545452
483888384
429282924
404080404
279747972
254545452
815535518
483888384
180828081
178727871
236343632
440484044
391969193
330363033
281848182
220242022
171727171
110121011
97799779
90099009
87788778
80088008
77777777
447484744
218141812
483888384
499030994
422282224
211141112
492030294
153525351
346464643
492030294
499030994
281848182
279747972
483888384
328262823
303060303
279747972
254545452
180828081
90099009
312161213
87788778
297949792
254545452
126222621
483888384
447484744
422282224
297949792
272747272
236343632
211141112
80088008
67766776
483888384
440484044
80088008
227242722
263646362
297949792
328262823
429282924
346464643
312161213
297949792
263646362
180828081
117121711
70077007
391969193
272747272
440484044
67766776
404080404
303060303
202040202
101020101
431383134
422282224
413181314
404080404
279747972
404080404
281848182
279747972
254545452
227242722
202040202
87788778
60066006
330363033
90099009
60066006
236343632
87788778
254545452
211141112
180828081
281848182
57755775
50055005
330363033
321262123
312161213
47744774
303060303
279747972
254545452
279747972
272747272
254545452
236343632
218141812
211141112
80088008
67766776
40044004
180828081
220242022
80088008
60066006
40044004
57755775
220242022
67766776
117121711
211141112
171727171
202040202
202040202
180828081
178727871
153525351
126222621
101020101
90099009
87788778
60066006
57755775
30033003
27722772
202999202
87788778
27722772
57755775
87788778
80088008
67766776
60066006
47744774
40044004
27722772
20022002
110121011
90099009
80088008
70077007
60066006
50055005
40044004
30033003
20022002
27722772
97799779
110121011
67766776
90099009
87788778
101020101
80088008
77777777
867656768
428252824
652141256
861717168
861717168
468373864
867656768
647020746
637828736
637828736
226575622
410343014
422313224
647020746
485464584
69466496
231696132
485464584
445343544
405222504
88266288
652141256
65988956
445343544
405222504
278666872
255636552
232606232
84788748
422313224
410343014
468373864
243666342
231696132
278666872
243666342
231696132
428252824
84788748
255636552
69466496
232606232
69466496
88266288
44133144
231696132
65988956
226575622
84788748
84788748
88266288
69466496
65988956
84788748
21855812
69466496
84788748
88266288
44133144
21855812
69466496
65988956
276090672
95400459
547676745
820727028
276090672
613808316
495000594
488272884
689707986
650959056
98644689
820727028
435111534
666969666
117828711
658040856
642030246
591555195
401626104
79355397
477525774
658040856
428383824
666969666
689707986
642030246
324747423
395383593
531666135
177717771
74522547
650959056
528000825
435111534
591555195
528000825
291747192
177717771
531666135
79833897
161707161
95400459
361898163
84277248
613808316
247868742
412373214
342222243
412373214
65944956
63399336
112565211
477525774
86822868
58477485
435111534
60155106
276090672
547676745
495000594
75699657
488272884
58955985
53644635
428383824
342222243
93333339
62222226
146050641
361898163
117828711
395383593
435111534
75699657
84277248
58477485
53644635
65466456
401626104
276090672
55233255
57300375
69122196
45000054
117828711
63877836
44588544
324747423
117828711
65944956
291747192
75699657
44588544
112565211
63877836
79833897
60633606
63399336
37599573
247868742
91266219
63399336
44588544
84277248
48722784
32766723
63399336
58955985
95400459
65944956
276090672
95400459
74522547
53644635
32766723
79833897
48722784
51099015
276090672
112565211
30699603
117828711
146050641
79833897
46655664
117828711
53166135
177717771
25777752
74522547
84277248
44588544
91266219
177717771
161707161
42999924
29433492
117828711
39666693
44588544
65944956
44588544
79833897
53166135
63399336
22533522
42999924
112565211
75699657
58955985
53644635
63399336
44588544
25777752
51099015
39666693
93333339
46655664
84277248
48722784
63399336
22055022
63877836
65944956
60633606
69122196
75699657
86822868
63877836
48722784
25777752
117828711
95400459
75699657
22055022
65466456
29433492
84277248
44588544
57300375
11888811
22533522
58477485
55233255
62222226
98644689
79833897
32766723
44588544
58955985
53644635
30699603
65944956
60155106
63399336
44588544
25777752
45000054
95400459
79355397
74522547
58477485
53644635
37599573
32766723
11888811
409343904
443989344
252161252
464323464
409343904
67155176
464323464
84422448
409343904
274383472
251707152
278828872
443989344
278828872
274383472
409343904
84422448
251707152
84422448
252161252
67155176
42999924
84422448
42211224
23944932
67155176
84422448
42211224
42999924
84422448
23944932
67155176
518080815
597494795
599060995
579727975
586949685
586949685
511262115
518080815
579727975
518080815
511262115
599060995
597494795
56233265
518080815
58166185
52577525
52577525
52577525
52577525
58166185
56233265
818929818
804939408
237696732
251272152
289808982
631151136
272050272
650212056
447555744
291111192
818929818
804939408
612090216
442070244
610373016
610373016
650212056
419989914
612090216
235979532
459828954
631151136
442070244
291111192
282606282
221989122
235979532
459828954
442070244
272050272
298313892
419989914
251272152
442070244
89377398
298313892
447555744
249969942
237696732
249969942
89377398
237696732
251272152
272050272
291111192
282606282
87488478
235979532
291111192
235979532
221989122
289808982
272050272
251272152
237696732
87488478
89377398
89377398
267939762
918999819
918999819
127565721
489010984
200353002
287323782
696101696
555060555
292727292
152353251
489010984
696101696
489010984
86966968
292727292
469626964
469626964
354040453
489010984
86966968
285989582
287323782
555060555
489010984
286656682
152353251
292727292
128232821
489010984
292727292
354040453
87700778
286656682
86966968
287323782
285989582
292727292
132969231
127565721
86966968
292727292
109515901
109515901
132969231
287323782
127565721
267939762
152353251
86966968
128232821
200353002
27088072
152353251
86966968
27088072
87700778
27088072
127565721
86966968
27088072
86966968
403959304
278303872
827848728
821494128
489010984
449959944
424484424
679787976
618545816
278898872
696909696
441606144
255303552
827848728
255898552
821494128
483727384
255303552
487606784
696909696
464606464
232303232
679787976
441606144
270545072
270545072
481252184
255898552
481252184
618545816
405363504
255898552
405363504
487606784
464606464
441606144
278303872
255303552
232303232
255303552
483727384
217656712
489010984
84655648
441606144
449959944
278303872
424484424
84655648
255303552
255303552
403959304
42066024
217656712
232303232
255898552
270545072
255898552
270545072
44788744
278898872
42066024
278303872
255303552
232303232
255898552
255303552
27499472
27499472
84655648
25300352
84655648
25300352
44788744
42066024
27499472
42066024
27499472
420555024
449959944
671383176
449959944
662434266
480525084
359575953
570909075
701797107
613505316
420555024
592040295
409979904
96544569
449959944
177666771
86700768
108747801
701797107
543111345
296989692
420555024
498888894
269191962
592040295
543111345
662434266
370151073
379565973
671383176
613505316
498888894
400565004
429969924
310181013
420555024
420555024
429969924
570909075
321222123
86700768
400565004
420555024
86700768
269191962
449959944
137686731
379565973
321222123
480525084
370151073
86700768
409979904
420555024
449959944
269191962
310181013
137686731
449959944
420555024
359575953
86700768
296989692
269191962
86700768
52566525
86700768
137686731
86700768
52566525
137686731
86700768
177666771
86700768
52566525
86700768
52566525
86700768
86700768
108747801
96544569
86700768
388868883
617878716
440484044
431383134
422282224
413181314
404080404
330363033
321262123
312161213
303060303
220242022
211141112
202040202
110121011
101020101
276090672
599060995
662434266
727050727
489888984
516858615
276090672
747909747
671535176
635131536
747909747
570515075
516858615
440484044
330363033
220242022
110121011
276090672
552313255
489888984
431383134
404080404
287848782
202040202
516858615
422282224
211141112
727050727
671535176
404080404
303060303
202040202
101020101
635131536
516858615
287848782
516858615
662434266
552313255
276090672
570515075
90099009
72999927
617878716
516858615
599060995
276090672
516858615
489888984
276090672
80088008
516858615
296949692
431383134
276090672
489888984
440484044
422282224
404080404
296949692
278747872
211141112
80088008
70077007
278747872
276090672
404080404
202040202
440484044
186828681
431383134
422282224
276090672
60066006
276090672
413181314
404080404
62988926
276090672
388868883
330363033
303060303
287848782
202040202
186828681
159525951
101020101
90099009
60066006
159525951
72999927
211141112
52977925
50055005
287848782
330363033
321262123
276090672
312161213
42966924
303060303
72999927
276090672
52977925
80088008
42966924
40044004
276090672
72999927
42966924
32955923
52977925
220242022
211141112
202040202
80088008
60066006
40044004
202040202
101020101
72999927
220242022
211141112
90099009
72999927
60066006
42966924
30033003
202040202
52977925
42966924
72999927
52977925
22944922
80088008
62988926
60066006
42966924
40044004
22944922
20022002
42966924
52977925
110121011
101020101
90099009
80088008
70077007
60066006
50055005
40044004
30033003
20022002
42966924
110121011
32955923
101020101
72999927
806080608
403040304
673565376
480525084
801696108
406808604
481070184
257878752
801696108
485383584
806080608
403040304
446131644
270999072
236131632
489696984
257404752
236131632
420474024
673565376
257404752
424787424
274838472
489696984
236131632
274838472
424787424
236131632
65977956
236131632
420474024
485383584
257404752
236131632
270999072
446131644
481070184
480525084
270999072
403040304
257404752
46800864
274838472
406808604
236131632
403040304
274838472
46800864
236131632
65977956
236131632
257404752
236131632
46800864
61233216
257404752
46800864
270999072
236131632
65977956
236131632
257878752
46800864
46800864
23400432
29344392
65977956
46800864
23400432
29344392
46800864
23400432
61233216
65977956
29344392
46800864
29344392
46800864
23400432
46800864
23400432
65977956
46800864
23400432
234151432
867777768
466787664
200353002
727050727
801696108
867777768
633626336
575515575
140727041
653191356
801696108
324545423
633626336
633626336
727050727
485121584
358343853
466787664
653191356
298717892
633626336
414939414
326060623
70533507
575515575
466787664
216101612
485121584
414939414
466787664
140727041
358343853
326060623
194090491
189989981
189989981
194090491
298717892
70533507
324545423
57033075
216101612
72200227
140727041
57033075
234151432
72200227
200353002
57033075
33844833
70533507
33844833
57033075
18677681
140727041
18677681
70533507
842969248
840888048
630666036
420444024
210222012
613808316
88666688
840888048
420444024
842969248
699969996
86755768
462484264
231242132
489747984
443545344
84844848
676868676
82933928
88477488
630666036
420444024
210222012
86944968
653767356
490727094
485585584
629686926
86944968
630666036
699969996
676868676
653767356
630666036
489747984
466646664
443545344
420444024
279525972
256424652
233323332
210222012
487666784
445626544
88666688
84844848
629686926
84655648
88855888
443545344
82744728
252262252
630666036
420444024
210222012
84277248
80644608
82177128
84655648
401505104
401505104
279525972
69366396
252262252
82933928
67455476
443545344
67833876
84277248
630666036
401505104
65544556
82177128
252262252
613808316
443545344
256424652
86944968
80644608
69933996
63633636
84655648
67833876
61722716
487666784
489747984
67833876
65733756
86944968
401505104
485585584
88288288
490727094
466646664
296383692
233323332
84844848
69366396
63633636
443545344
80644608
82744728
67077076
61533516
489747984
445626544
401505104
443545344
80644608
420444024
401505104
63822836
420444024
210222012
462484264
231242132
84088048
63066036
65166156
443545344
252262252
420444024
210222012
296383692
84277248
82177128
252262252
48155184
63255236
48533584
46244264
420444024
210222012
84655648
88855888
88666688
84277248
48722784
44333344
420444024
210222012
86755768
231242132
86944968
84844848
82744728
80644608
48722784
46622664
44522544
42422424
82933928
88477488
210222012
63822836
48533584
44522544
40511504
44711744
86944968
279525972
256424652
233323332
210222012
88666688
86755768
84844848
82933928
48155184
46244264
44333344
42422424
40511504
88855888
82744728
252262252
65166156
69744796
84277248
80644608
40322304
69744796
82177128
69555596
84655648
252262252
279525972
69366396
46811864
67455476
44900944
84277248
48722784
65544556
82177128
252262252
256424652
86944968
80644608
69933996
63633636
46622664
40322304
84655648
84088048
67833876
61722716
44522544
65733756
88288288
44144144
88288288
233323332
84844848
69366396
63633636
48155184
42422424
29044092
84844848
80644608
48722784
44522544
40322304
67077076
61533516
80644608
40322304
210222012
29611692
48911984
46811864
86944968
210222012
84655648
231242132
84088048
63066036
42044024
65166156
27511572
25033052
210222012
65166156
29044092
84277248
80644608
82177128
48155184
63066036
69366396
67077076
48533584
46244264
27700772
25411452
23122132
84655648
29044092
88855888
88666688
84277248
48722784
44333344
210222012
82177128
86755768
44711744
86944968
84844848
82744728
80644608
69933996
67833876
65733756
63633636
61533516
48722784
46622664
44522544
42422424
40322304
29611692
27511572
25411452
23311332
21211212
82933928
88477488
48533584
44522544
40511504
44711744
86944968
88666688
86755768
84844848
82933928
69366396
67455476
65544556
63633636
61722716
48155184
46244264
44333344
42422424
40511504
25033052
23122132
21211212
88855888
82744728
69555596
69744796
84277248
80644608
40322304
69744796
84655648
48911984
65166156
46811864
84277248
48722784
82177128
48155184
84088048
42044024
44522544
63822836
88288288
44144144
86944968
84844848
82744728
80644608
48722784
46622664
44522544
42422424
40322304
80644608
40322304
29611692
46811864
86944968
84655648
44900944
63255236
27511572
25033052
65166156
29044092
84277248
80644608
40322304
82177128
48155184
82933928
63066036
63822836
69366396
67077076
48533584
46244264
27700772
25411452
23122132
84655648
29044092
88855888
88666688
84277248
48722784
44333344
82177128
67833876
84655648
44711744
86944968
84844848
82744728
80644608
69933996
67833876
65733756
63633636
61533516
48722784
46622664
44522544
42422424
40322304
29611692
27511572
25411452
23311332
21211212
88477488
86944968
48533584
44522544
40511504
67833876
29044092
88666688
86755768
84844848
82933928
69366396
67455476
65544556
63633636
61722716
48155184
46244264
44333344
42422424
40511504
25033052
23122132
21211212
596626695
568565865
512272215
593848395
593848395
596626695
568565865
512272215
54999945
54999945
54999945
54999945
610262016
696373696
677323776
610262016
481757184
278515872
253424352
464878464
462707264
295040592
464878464
295040592
610262016
696373696
255595552
82988928
677323776
616303616
297565792
82988928
274999472
272474272
610262016
489969984
272474272
610262016
426070624
445828544
67122176
255949552
295040592
610262016
409191904
489969984
445828544
278515872
82988928
255595552
409191904
426070624
253424352
82988928
464878464
481757184
464878464
462707264
67900976
88855888
295040592
82988928
278515872
253424352
255595552
82988928
67122176
297565792
82988928
272474272
255949552
274999472
272474272
295040592
295040592
67122176
61255216
48555584
278515872
82988928
255595552
48555584
253424352
82988928
82988928
82988928
82988928
82988928
29988992
67122176
88855888
82988928
61255216
67122176
48555584
21733712
48555584
29988992
82988928
67900976
21733712
82988928
82988928
82988928
67122176
278848872
251464152
854929458
768232867
276585672
854929458
479060974
253727352
170020071
278848872
253727352
395636593
649181946
456202654
223353322
170020071
679555976
565757565
768232867
339414933
679555976
248474842
418595814
624060426
624060426
563494365
418595814
312030213
251464152
190898091
106565601
276585672
253727352
649181946
484313484
190898091
563494365
276585672
423848324
565757565
484313484
278848872
253727352
248474842
248474842
162787261
423848324
276585672
253727352
170020071
479060974
456202654
418595814
418595814
251464152
223353322
134676431
56066065
251464152
276585672
395636593
89477498
278848872
253727352
64333346
223353322
339414933
111818111
89477498
106565601
248474842
312030213
248474842
276585672
253727352
276585672
97744779
278848872
253727352
251464152
248474842
276585672
253727352
170020071
97744779
278848872
253727352
111818111
251464152
223353322
190898091
162787261
134676431
106565601
27633672
25144152
56066065
190898091
56066065
89477498
27633672
89477498
170020071
25144152
170020071
27633672
64333346
27633672
106565601
27633672
25144152
56066065
27633672
25144152
833989338
657909756
489888984
409121904
481505184
658898856
833989338
296848692
296848692
422272224
422272224
272818272
213585312
658898856
296848692
236626632
657909756
236626632
217070712
277292772
405636504
217070712
405636504
213585312
296848692
82833828
422272224
481505184
296848692
489888984
61322316
422272224
236626632
217070712
236626632
409121904
217070712
296848692
277292772
213585312
296848692
272818272
296848692
236626632
236626632
217070712
217070712
213585312
61322316
61322316
21511512
82833828
21511512
61322316
410515014
624434426
160272061
518222815
365242563
640262046
462505264
617555716
227949722
349414943
153393351
189555981
295767592
207040702
455626554
410515014
471454174
295767592
617555716
640262046
320131023
410515014
365242563
624434426
403636304
410515014
410515014
403636304
471454174
410515014
455626554
87755778
286818682
518222815
313252313
77911977
313252313
462505264
365242563
410515014
49622694
286818682
87755778
320131023
349414943
97599579
410515014
77911977
365242563
295767592
295767592
59466495
49622694
87755778
87755778
227949722
49622694
207040702
189555981
22999922
97599579
22999922
153393351
87755778
77911977
49622694
20722702
160272061
59466495
87755778
20722702
77911977
20722702
49622694
22999922
20722702
49622694
22999922
677191776
877121778
550484055
877121778
409343904
406808604
550484055
406808604
203404302
409343904
471252174
643979346
392020293
454838454
516717615
643979346
189939981
158323851
502454205
677191776
409343904
144060441
220757022
502454205
375606573
516717615
68522586
220757022
158323851
550484055
268232862
409343904
454838454
550484055
299848992
375606573
471252174
62944926
299848992
392020293
189000981
189939981
409343904
406808604
203404302
65733756
268232862
406808604
203404302
409343904
175676571
175676571
189939981
65733756
127646721
189000981
220757022
68522586
127646721
220757022
50044005
50044005
62944926
189939981
158323851
34777743
50044005
62944926
203404302
158323851
144060441
68522586
50044005
31988913
50044005
65733756
50044005
31988913
65733756
34777743
62944926
68522586
207090702
696363696
464242464
232121232
671000176
841898148
481070184
841898148
457868754
442959244
679535976
679535976
612919216
412535214
612919216
272999272
696363696
272999272
242575242
671000176
230808032
88899888
267000762
230808032
225747522
207090702
207090702
210838012
225747522
481070184
457868754
412535214
442959244
68377386
205777502
464242464
232121232
232121232
207090702
207090702
205777502
225747522
267000762
272999272
272999272
210838012
230808032
225747522
88899888
207090702
242575242
230808032
207090702
49866894
27899872
88899888
232121232
29344392
207090702
27899872
29344392
20522502
49866894
27899872
27899872
29344392
20522502
27899872
20522502
68377386
88899888
29344392
20522502
27899872
628818826
672717276
570141075
235595532
193343391
612393216
672717276
492545294
407212704
612393216
672717276
445929544
564959465
119282911
672717276
612393216
157999751
564959465
418484814
612393216
298636892
628818826
193343391
570141075
232878232
492545294
418484814
445929544
407212704
149444941
298636892
48566584
45577554
113848311
232878232
45577554
149444941
48566584
72777727
193343391
113848311
78755787
78755787
235595532
72777727
48566584
45577554
193343391
157999751
48566584
45577554
119282911
48566584
45577554
48566584
45577554
422191224
867777768
405909504
234666432
232373232
291444192
861717168
861717168
867777768
460979064
272050272
86311368
293737392
650212056
650797056
405909504
215272512
612828216
441585144
405909504
234666432
234666432
405090504
215272512
650797056
612828216
257242752
650212056
232373232
236959632
424484424
88833888
257242752
405909504
407383704
291444192
407383704
272050272
424484424
405909504
234666432
63999936
67500576
441585144
405090504
80288208
460979064
234666432
215272512
63999936
232373232
405909504
405909504
234666432
67500576
232373232
291444192
63999936
422191224
272050272
405909504
215272512
63999936
234666432
63999936
42666624
257242752
257242752
293737392
236959632
291444192
232373232
272050272
234666432
63999936
42666624
67500576
234666432
215272512
63999936
42666624
63999936
234666432
215272512
63999936
42666624
232373232
67500576
63999936
63999936
27099072
42666624
63999936
80288208
63999936
42666624
27099072
21333312
67500576
63999936
42666624
21333312
88833888
63999936
67500576
42666624
63999936
86311368
582141285
555626555
571757175
518222815
550484055
592656295
507090705
582515285
513828315
513828315
582515285
528737825
528737825
592656295
513828315
513828315
571757175
582141285
550484055
507090705
555626555
57133175
56566565
55999955
518222815
57600675
52411425
56155165
56977965
51844815
57955975
50922905
57133175
52411425
51788715
52299225
57077075
59911995
57955975
57544575
54199145
52299225
50100105
57600675
56977965
50044005
52411425
51844815
55233255
51022015
57955975
55177155
57955975
52000025
55177155
52000025
55233255
51022015
57600675
52411425
56977965
51844815
50044005
54199145
57544575
52299225
57955975
59911995
50100105
57077075
57133175
57955975
52299225
57600675
56977965
52411425
51788715
56155165
50922905
57133175
56566565
55999955
52411425
51844815
468303864
800636008
251272152
648353846
639606936
800636008
468303864
297000792
83599538
87811878
251272152
200626002
452505254
425797524
297000792
87811878
425797524
639606936
426404624
213202312
468303864
648353846
297000792
280595082
468303864
297000792
251272152
426404624
213202312
452505254
425797524
293171392
468303864
251272152
425797524
203848302
293171392
271848172
271848172
468303864
80055008
297000792
251272152
297000792
251272152
280595082
87811878
203848302
297000792
213202312
297000792
87811878
41722714
251272152
213202312
251272152
200626002
87811878
87811878
27000072
27000072
80055008
27000072
27000072
41722714
87811878
87811878
83599538
841898148
841898148
232787232
98555589
275686572
156414651
652010256
652010256
514787415
438414834
162171261
270555072
495999594
270555072
232787232
125989521
495999594
275686572
438414834
438414834
232787232
514787415
162171261
113515311
162171261
438414834
232787232
51366315
232787232
118646811
275686572
90755709
94655649
270555072
120858021
51366315
270555072
232787232
98555589
55266255
48933984
275686572
232787232
120858021
48933984
118646811
98555589
162171261
232787232
162171261
94655649
90755709
162171261
156414651
125989521
113515311
48933984
55266255
48933984
51366315
98555589
51366315
630333036
635575536
611404116
409121904
409121904
86977968
466141664
272606272
258919852
215353512
403949304
272606272
86977968
409121904
291535192
635575536
630333036
611404116
420222024
210111012
420222024
409121904
466141664
253444352
86977968
403949304
215353512
231696132
231696132
409121904
409121904
86977968
291535192
253444352
272606272
86977968
215353512
272606272
258919852
210111012
86977968
86977968
215353512
29433492
86977968
86977968
86977968
86977968
29433492
86977968
774747477
673202376
523757325
673202376
516858615
460979064
673202376
596626695
460979064
330545033
516858615
408414804
774747477
260868062
130434031
460979064
174414471
231979132
509959905
253969352
673202376
408414804
77800877
123535321
415313514
673202376
673202376
301656103
374525473
596626695
509959905
516858615
460979064
415313514
516858615
297949792
523757325
374525473
69188196
253969352
408414804
460979064
297949792
460979064
408414804
61200216
253969352
301656103
116636611
330545033
61200216
53611635
253969352
260868062
61200216
231979132
116636611
61200216
61200216
174414471
61200216
123535321
130434031
61200216
53611635
21833812
21833812
69188196
61200216
77800877
802797208
289808982
550242055
431656134
431656134
289808982
359575953
582636285
431656134
802797208
431656134
569555965
569555965
431656134
85655658
225020522
85655658
407808704
582636285
285535582
130282031
289808982
407808704
550242055
431656134
54722745
431656134
221676122
431656134
97499479
47477474
54722745
431656134
431656134
289808982
221676122
138828831
285535582
50022005
359575953
102161201
54722745
85655658
85655658
54722745
73811837
97499479
289808982
138828831
225020522
97499479
289808982
35633653
54722745
102161201
54722745
85655658
47477474
85655658
73811837
54722745
130282031
97499479
47477474
54722745
54722745
54722745
85655658
85655658
50022005
35633653
54722745
54722745
47477474
631515136
483676384
409171904
489777984
673929376
633626336
88666688
291080192
481565184
403070304
409171904
445484544
631515136
485323584
291080192
445484544
489777984
631515136
403070304
291080192
673929376
483676384
633626336
483676384
84277248
407292704
84277248
631515136
291080192
489777984
407292704
485323584
445484544
481565184
403070304
445484544
489777984
84277248
483676384
84277248
409171904
403070304
88666688
84277248
48722784
44333344
291080192
44588544
409171904
44588544
291080192
48722784
291080192
44588544
40199104
84277248
84277248
291080192
44588544
44588544
44588544
44588544
44588544
84277248
44588544
84277248
40199104
44588544
44588544
88666688
84277248
44588544
40199104
84277248
44588544
84277248
44588544
44588544
44588544
44588544
84277248
44588544
84277248
48722784
40199104
44588544
48722784
44588544
88666688
44333344
527161725
845353548
854929458
765999567
364838463
424484424
212242212
424484424
854929458
845353548
650131056
498282894
424484424
212242212
484535484
633111336
765999567
175919571
407464704
633111336
650131056
401161104
424484424
95311359
381858183
401161104
424484424
401161104
258888852
235565532
212242212
498282894
484535484
401161104
381858183
527161725
63099036
407464704
424484424
212242212
424484424
212242212
424484424
212242212
63099036
90722709
258888852
212242212
63099036
364838463
235565532
59499495
63099036
44377344
212242212
63099036
44377344
90722709
63099036
90722709
63099036
44377344
212242212
44377344
212242212
63099036
175919571
63099036
90722709
63099036
44377344
25655652
63099036
44377344
59499495
63099036
25655652
95311359
63099036
44377344
44377344
63099036
697505796
697505796
481505184
239909932
497464794
234585432
692181296
224737422
487616784
654363456
692181296
481505184
654363456
697505796
277727772
453535354
697505796
249757942
67899876
252707252
234585432
453535354
69122196
224737422
481505184
88699688
67899876
487616784
497464794
271616172
277727772
239909932
234585432
481505184
61177116
69122196
277727772
271616172
61177116
239909932
234585432
49188194
69122196
61177116
277727772
252707252
224737422
69122196
234585432
249757942
67899876
61177116
60311306
69122196
88699688
88699688
67899876
69122196
61177116
239909932
234585432
224737422
61177116
69122196
67899876
61177116
69122196
61177116
67899876
69122196
27522572
60311306
61177116
69122196
88699688
61177116
27522572
69122196
61177116
67899876
61177116
49188194
69122196
67899876
578101875
570909075
575515575
577646775
573717375
578434875
578767875
521464125
524494425
571808175
579000975
521353125
575737575
572818275
523484325
520454025
524161425
521464125
521686125
575737575
572818275
521686125
521464125
579000975
571808175
578767875
578434875
524161425
573717375
523484325
577646775
520454025
521353125
575515575
524494425
570909075
578101875
521464125
57600675
52411425
52655625
52777725
57600675
52777725
57844875
52655625
57722775
57600675
52411425
57966975
52655625
52777725
52655625
52777725
52777725
52655625
57966975
52777725
52655625
57600675
52411425
57722775
57844875
52655625
57600675
52777725
52777725
52655625
57600675
52411425
880121088
638242836
880121088
840888048
420444024
234666432
291252192
631151136
840888048
420444024
658898856
672717276
86977968
673202376
483636384
295040592
442070244
234666432
690555096
88922988
80911908
238454832
690555096
612828216
441585144
405909504
234666432
217313712
487424784
217313712
405909504
420444024
234666432
213525312
673202376
672717276
612828216
483636384
405909504
658898856
67566576
480333084
88899888
631151136
295040592
638242836
405909504
80011008
276717672
483636384
65944956
63999936
63099036
61500516
80011008
295040592
86700768
487424784
88622688
88922988
405909504
234666432
63999936
238454832
234666432
63999936
61200216
483636384
65044056
405909504
234666432
213525312
82833828
217313712
69188196
420444024
210222012
441585144
80288208
217313712
216828612
442070244
405909504
234666432
80011008
80888808
48155184
405909504
61200216
295040592
80011008
80611608
420444024
234666432
210222012
80888808
63999936
61777716
44888844
420444024
210222012
63999936
86977968
44588544
61177116
295040592
80011008
234666432
63999936
42666624
42066024
86400468
238454832
234666432
216828612
276717672
40744704
217313712
217313712
44588544
42666624
40744704
234666432
210222012
63399336
213525312
86977968
67566576
48155184
61200216
88599588
63399336
44588544
80611608
67566576
88899888
295040592
80011008
80888808
63399336
88922988
63999936
291252192
80011008
86700768
234666432
63999936
42666624
63099036
80911908
48155184
238454832
234666432
86700768
63999936
42666624
88922988
80911908
234666432
213525312
217313712
27099072
217313712
27999972
25477452
88899888
61200216
234666432
80011008
25177152
80888808
40444404
27999972
48155184
88599588
61200216
80011008
23255232
80611608
29344392
63999936
86977968
44588544
48455484
63999936
42666624
21333312
63099036
42066024
21033012
27722772
86400468
40744704
27422472
63999936
44588544
42666624
40744704
27099072
25177152
23255232
21333312
42066024
63399336
86977968
67566576
48155184
29344392
27122172
80011008
27099072
80888808
63399336
80611608
67566576
80011008
23255232
48155184
80888808
63399336
40444404
61200216
21933912
80011008
29344392
82833828
80288208
63999936
42666624
27099072
21333312
88922988
88622688
27122172
86700768
63999936
42666624
21333312
63999936
61177116
23255232
21933912
27422472
27099072
61777716
27722772
88899888
29344392
69188196
61200216
80011008
25177152
48155184
44588544
80011008
65044056
23255232
63999936
27999972
44588544
61200216
88922988
63999936
42666624
27999972
21333312
65944956
40744704
63999936
44588544
42666624
40744704
27099072
25177152
23255232
21333312
63099036
42066024
21033012
86977968
80911908
67566576
61500516
48155184
44888844
25477452
758575857
845353548
838181838
640010046
140727041
845353548
838181838
481444184
504636405
660999066
504636405
758575857
660999066
440666044
220333022
432848234
386848683
166515661
432848234
425676524
459282954
640010046
459282954
181505181
425676524
504636405
126383621
504636405
432848234
440666044
220333022
481444184
432848234
238303832
386848683
174333471
125737521
238303832
220333022
174333471
181505181
220333022
125737521
166515661
126383621
140727041
292353292
214868412
493525394
495000594
287323782
239909932
296686692
210535012
604484406
645393546
422545224
645393546
209838902
292353292
604484406
214868412
422545224
456949654
456949654
411707114
64533546
214868412
292353292
411707114
422545224
296686692
239909932
495000594
493525394
422545224
209838902
296686692
292353292
239909932
209838902
292353292
214868412
296686692
43377334
287323782
214868412
292353292
45000054
64533546
209838902
239909932
45000054
210535012
214868412
64533546
25922952
25922952
45000054
45000054
43377334
25922952
25922952
64533546
407656704
235676532
838181838
319727913
235676532
838181838
407656704
655232556
483252384
464353464
655232556
331535133
78788787
655232556
426555624
514484415
407656704
445454544
655232556
529505925
407656704
529505925
216777612
140656041
78788787
445454544
235676532
445454544
400565004
281404182
514484415
216777612
140656041
400565004
350434053
87511578
483252384
407656704
350434053
445454544
464353464
426555624
407656704
235676532
235676532
407656704
235676532
235676532
281404182
407656704
331535133
66722766
121757121
235676532
216777612
319727913
121757121
216777612
57999975
235676532
235676532
140656041
57999975
140656041
66722766
87511578
78788787
78788787
347838743
814070418
468373864
679787976
618545816
701797107
257878752
814070418
151202151
83722738
679787976
257878752
272656272
407131704
324606423
679787976
618545816
422828224
618545816
234646432
701797107
219868912
679787976
445141544
407131704
460838064
422828224
211414112
618545816
460838064
445141544
422828224
257878752
234646432
211414112
67366376
257878752
407131704
75544557
422828224
211414112
174434471
151202151
67366376
468373864
75544557
407131704
144686441
67366376
257878752
83722738
257878752
324606423
211414112
234646432
67366376
347838743
67366376
211414112
174434471
272656272
257878752
234646432
211414112
144686441
67366376
219868912
151202151
257878752
67366376
83722738
67366376
67366376
151202151
25555552
75544557
25555552
67366376
75544557
67366376
67366376
83722738
253151352
207090702
236131632
442070244
236131632
88922988
211676112
422434224
437989734
442070244
469646964
459828954
240717042
211676112
469646964
459828954
233515332
442070244
437989734
236131632
88922988
422434224
442070244
89377398
270171072
270171072
88922988
207090702
207090702
236131632
88922988
233515332
88922988
240717042
211676112
236131632
236131632
211676112
253151352
207090702
88922988
88922988
88922988
89377398
88922988
88922988
741111147
637505736
875949578
467020764
589818985
814070418
240828042
875949578
479060974
648353846
814070418
467020764
635121536
250484052
647161746
131262131
79999997
467020764
574202475
647161746
251676152
741111147
420969024
240828042
120414021
467020764
635121536
574202475
648353846
251676152
251676152
79999997
144494441
637505736
251676152
250484052
467020764
589818985
250484052
467020764
313787313
313787313
64133146
420969024
467020764
479060974
240828042
132454231
144494441
240828042
467020764
208989802
240828042
120414021
52200225
240828042
146878641
133646331
120414021
191949191
208989802
250484052
191949191
250484052
251676152
144494441
144494441
251676152
64133146
251676152
52200225
251676152
240828042
146878641
78688687
250484052
133646331
144494441
64133146
27799772
26488462
52200225
240828042
120414021
132454231
78688687
25177152
120414021
52200225
64133146
52200225
144494441
27799772
25177152
52200225
26488462
25177152
64133146
25177152
131262131
120414021
52200225
25177152
27799772
26488462
25177152
15866851
14555541
13244231
25177152
79999997
64133146
15866851
52200225
14555541
27799772
25177152
79999997
26488462
13244231
464232464
488272884
653191356
468262864
424212424
637898736
638333836
213686312
428929824
403767304
214808412
443787344
80688608
278868872
403080304
638333836
637898736
488959884
444222444
238848832
653191356
80688608
428929824
274838472
444909444
270121072
238848832
488959884
444909444
428929824
274838472
444222444
80688608
274151472
443787344
80688608
468262864
234131432
488272884
403080304
428929824
464232464
424212424
88044088
403767304
274151472
80688608
44777744
274838472
234131432
270121072
274838472
44777744
238848832
88044088
80688608
40344304
278868872
238848832
80688608
40344304
80688608
40344304
214808412
213686312
88044088
44022044
80688608
44777744
40344304
48455484
48455484
44777744
88044088
44022044
80688608
40344304
80688608
40344304
80688608
40344304
80688608
44777744
40344304
80688608
44777744
551797155
573636375
570141075
526010625
507666705
513828315
540969045
587959785
553151355
518494815
587959785
553151355
540969045
518494815
570141075
513828315
526010625
573636375
507666705
551797155
56977965
51844815
59011095
59011095
57722775
56977965
52388325
57722775
56977965
51844815
56977965
51844815
57722775
52388325
57722775
56977965
59011095
59011095
56977965
51844815
685727586
422191224
858151858
858151858
272050272
406808604
203404302
272050272
468585864
644131446
259363952
254565452
272050272
412626214
468585864
422191224
637262736
637262736
422191224
470656074
644131446
422191224
685727586
464838464
406808604
203404302
422191224
272050272
464838464
272050272
422191224
470656074
243949342
272050272
259363952
406808604
272050272
422191224
468585864
468585864
422191224
255616552
422191224
412626214
255616552
69111196
272050272
406808604
422191224
272050272
49877894
45755754
41633614
259363952
272050272
272050272
243949342
45755754
40477404
40477404
272050272
272050272
259363952
254565452
203404302
272050272
40477404
203404302
40477404
69111196
45755754
40477404
49877894
40477404
45755754
41633614
406383604
368989863
867656768
547676745
842969248
591181195
867656768
842969248
86311368
673202376
673202376
463464364
199222991
86311368
406383604
81700718
673202376
219141912
445989544
673202376
258747852
84722748
616121616
219141912
616121616
84722748
86311368
673202376
445989544
673202376
276222672
77722777
488151884
276222672
99355399
445989544
67700776
65655656
84722748
488151884
258747852
591181195
445989544
84266248
258747852
84722748
445989544
547676745
86311368
67700776
68677686
61200216
219141912
148505841
57222275
276222672
445989544
53588535
463464364
84266248
72199127
219141912
57222275
65199156
251535152
61200216
276222672
251535152
61200216
406383604
44999944
78699687
89333398
148505841
86311368
52611625
52155125
61200216
53588535
258747852
406383604
84722748
81700718
61200216
219141912
40544504
258747852
84722748
219141912
368989863
84722748
89333398
86311368
65655656
44999944
67700776
61200216
68677686
276222672
55177155
61200216
48177184
48633684
91266219
54200245
276222672
38611683
35133153
68677686
40544504
65655656
61200216
148505841
258747852
38611683
84266248
42133124
39588593
36566563
33544533
30522503
86311368
58199185
86311368
35133153
53588535
67700776
61200216
219141912
41977914
148505841
84266248
42133124
48633684
219141912
53588535
48177184
61200216
50566505
91266219
55177155
29566592
61200216
67700776
44999944
40544504
89333398
43566534
199222991
55177155
41977914
86311368
21933912
84722748
61200216
23522532
23522532
84722748
20500502
28133182
53588535
84722748
58199185
50566505
19088091
20500502
89333398
86311368
81700718
65655656
44999944
68677686
43566534
61200216
53588535
48177184
41977914
48633684
25111152
68677686
27977972
67700776
29566592
40544504
26088062
21933912
65655656
78699687
29566592
24955942
61200216
61200216
21933912
84266248
42133124
27977972
41977914
24955942
26088062
14477441
86311368
21933912
54200245
21933912
55177155
61200216
84722748
61200216
25111152
99355399
72199127
21933912
28133182
84266248
42133124
48633684
48177184
61200216
84722748
65199156
21933912
39588593
53588535
29566592
38611683
35133153
68677686
61200216
52611625
52155125
67700776
44999944
40544504
36566563
86311368
57222275
84722748
61200216
23522532
23522532
84722748
38611683
33544533
77722777
57222275
20500502
53588535
86311368
67700776
40544504
21933912
20500502
86311368
81700718
65655656
44999944
35133153
30522503
19088091
14477441
449626944
635575536
449626944
215848512
276090672
409343904
481565184
650131056
276888672
460808064
468696864
677545776
483252384
677545776
487424784
276090672
447141744
650131056
407656704
215848512
291444192
409343904
635575536
211676112
291444192
215848512
251959152
487424784
447141744
88622688
211676112
409343904
483252384
407656704
276888672
468696864
481565184
460808064
251161152
230404032
276888672
449626944
449626944
215848512
251161152
215848512
291444192
409343904
230404032
291444192
251959152
69000096
276090672
211676112
215848512
69000096
86766768
276888672
211676112
215848512
276090672
67144176
86766768
67144176
42455424
215848512
40599504
69000096
40599504
42455424
69000096
88622688
893707398
893707398
652181256
235595532
582525285
436454634
441383144
637313736
637313736
491989194
83955938
652181256
482141284
482141284
436454634
286292682
582525285
436454634
286292682
491989194
170868071
83955938
55666655
281282182
441383144
436454634
94888849
165939561
61088016
281282182
61088016
55666655
161020161
286292682
125272521
50155105
286292682
44733744
50155105
61088016
44733744
161020161
44733744
165939561
125272521
170868071
44733744
235595532
61088016
44733744
61088016
44733744
44733744
94888849
44733744
61088016
44733744
44733744
50155105
83955938
61088016
44733744
61088016
44733744
55666655
50155105
83955938
55666655
509989905
879222978
596626695
536323635
769343967
879222978
679262976
455323554
226484622
254545452
647020746
747909747
699969996
253727352
365242563
457868754
193343391
596626695
497464794
577646775
296686692
151202151
468585864
86311368
276888672
658646856
355343553
478484874
485929584
679262976
596626695
696606696
485929584
498282894
579282975
616505616
639666936
426444624
213222312
747909747
518161815
696606696
464404464
232202232
769343967
568565865
253727352
93600639
185989581
387585783
282606282
548767845
679262976
476848674
599080995
607424706
407464704
557848755
699969996
83611638
607424706
639666936
568565865
517343715
99999999
92700729
658646856
599080995
393303393
436343634
568565865
485929584
616505616
679262976
557848755
82711728
80911908
647020746
282606282
596626695
568565865
224848422
467767764
383404383
94500549
579282975
548767845
185989581
296686692
517343715
233929332
596626695
467767764
363606363
104161401
114060411
395848593
162828261
415727514
485929584
577646775
66333366
224848422
276888672
202505202
596626695
86311368
518161815
415727514
71822817
233929332
476848674
235565532
395848593
316565613
87211278
498282894
436343634
143848341
276888672
485929584
78122187
536323635
485929584
464404464
497464794
115787511
478484874
284242482
80911908
383404383
86311368
363606363
275161572
509989905
468585864
316565613
60933906
192525291
254545452
393303393
407464704
284242482
142121241
87211278
56344365
426444624
213222312
457868754
275161572
165282561
455323554
226484622
95400459
82711728
254545452
387585783
184262481
276888672
185080581
82711728
226484622
143848341
113242311
80911908
63633636
48155184
296686692
64533546
276888672
70922907
67233276
76322367
49055094
174363471
213222312
174363471
355343553
365242563
282606282
141303141
46355364
185080581
235565532
65433456
93600639
83611638
73622637
63633636
53644635
43655634
233929332
184262481
75422457
56344365
192525291
82711728
80911908
47255274
282606282
141303141
224848422
112424211
233929332
296686692
40955904
165282561
38166183
48155184
66333366
224848422
112424211
276888672
202505202
86311368
143848341
95400459
253727352
41855814
95400459
74522547
53644635
32766723
80911908
48155184
51844815
48155184
41855814
253727352
232202232
254545452
142121241
80911908
86311368
41855814
185989581
47255274
60933906
57244275
52744725
213222312
226484622
143848341
113242311
33666633
162828261
74522547
40955904
93600639
56344365
41855814
27277272
56344365
46355364
82711728
60933906
49055094
27277272
185989581
80911908
57244275
193343391
83611638
49055094
115787511
66333366
52744725
75422457
46355364
30966903
95400459
73622637
25477452
82711728
80911908
76322367
51844815
47255274
22777722
18188181
53644635
41855814
25477452
151202151
114060411
87211278
82711728
65433456
48155184
40955904
23677632
70922907
63633636
48155184
86311368
67233276
104161401
30966903
56344365
41855814
87211278
80911908
64533546
48155184
41855814
25477452
16388361
63633636
23677632
53644635
94500549
86311368
78122187
41855814
33666633
25477452
17288271
47255274
99999999
22777722
17288271
40955904
92700729
27277272
46355364
93600639
82711728
71822817
60933906
49055094
38166183
27277272
16388361
80911908
43655634
56344365
83611638
32766723
48155184
66333366
18188181
86311368
251919152
424969424
678000876
86755768
234585432
468262864
658646856
481919184
271727172
295666592
295666592
658646856
259727952
238262832
275858572
678000876
299797992
259727952
291535192
238262832
299797992
481919184
63144136
291989192
275404572
230454032
259727952
238262832
468262864
234131432
234585432
251919152
291989192
275404572
251919152
299797992
424969424
259727952
86755768
291535192
234585432
234131432
238262832
299797992
48122184
230454032
295666592
295666592
259727952
238262832
275858572
271727172
259727952
48122184
238262832
63144136
67688676
234585432
251919152
67688676
48122184
48122184
63144136
86755768
23611632
48122184
23611632
48122184
63144136
86755768
698868896
259343952
278898872
293737392
644131446
582525285
355343553
259343952
343525343
424686424
259343952
451343154
567686765
536313635
320161023
698868896
644131446
259343952
498343894
567686765
139707931
174373471
412868214
498343894
536313635
582525285
128161821
293737392
278898872
259343952
89533598
412868214
293737392
270373072
259343952
451343154
278898872
135898531
259343952
424686424
212343212
278898872
293737392
259343952
270373072
259343952
278898872
293737392
259343952
355343553
320161023
212343212
343525343
63533536
259343952
63533536
293737392
259343952
278898872
259343952
259343952
135898531
174373471
25700752
139707931
128161821
63533536
25700752
63533536
25700752
25700752
89533598
25700752
25700752
647464746
448808844
224404422
696909696
441606144
255303552
640262046
478484874
441606144
669090966
83644638
669090966
463232364
696909696
472505274
87033078
83644638
425959524
640262046
478484874
647464746
478484874
215131512
472505274
246030642
255303552
463232364
425959524
